14
Stan Marsh 84 60 91 92 95 93 100 90 88 92 88 72 80 19
Kyl Broflovski 99 70 63 90 82 85 86 83 80 81 90 80 75 12
Eric Cartman 62 0 73 70 82 85 86 89 92 80 40 33 40 15
Kenny McCormick 82 80 77 80 90 90 88 90 90 81 62 65 77 12
Wendy Testaburger 95 90 88 90 95 95 96 100 95 88 91 90 81 15
Butters Stotch 45 60 48 62 70 68 73 74 75 80 71 62 60 8
Bebe Stevens 93 88 87 88 100 100 100 100 100 100 90 81 88 16
Tweek Tweak 50 40 40 90 80 70 60 40 50 60 1
Allie Nelson 76 70 78 80 85 84 83 90 91 80 70 69 81 12
Jimmy Valmer 100 100 100 100 100 100 100 100 100 100 90 29 90 10
Token Black 81 72 80 83 90 91 90 92 93 90 80 70 80 15
Emily Marx 91 77 80 82 93 94 90 100 100 90 89 70 72 9
Craig Tucker 90 30 0 90 90 70 70 85 80 3
Clyde Donovan 76 75 80 82 90 91 70 65 70 80 70 80 70 15